100
20
-514 -900 -366
965 818 -351
-961 112 638
-243 123 -138
-758 -206 -772
270 127 57
876 223 574
215 -957 461
-589 397 995
178 215 630
401 672 613
152 620 561
154 348 729
-861 314 801
-563 999 261
-562 -811 599
-718 118 920
-546 -24 743
543 -947 -352
-824 -24 -304
331 -778 -794
837 966 845
499 -331 -909
253 -225 208
-797 391 414
715 956 -855
205 542 540
971 -150 436
474 55 897
-930 598 -853
666 -946 -667
218 29 544
-874 24 -94
-236 803 -247
-775 -354 -196
599 5 -706
776 -990 -393
-585 624 494
-770 892 -533
-444 867 365
475 -803 284
787 -246 375
-836 332 -168
-511 416 -895
131 -42 -924
543 812 -244
-628 372 644
815 -283 -567
750 241 331
-539 720 -41
429 22 -142
16 659 -317
482 545 869
258 -609 -571
228 511 888
21 -112 855
-466 -500 97
-225 -51 148
-807 692 850
-382 -90 735
-146 549 105
678 463 -348
-490 664 698
-339 522 998
454 387 437
-313 -325 -837
613 -304 706
-364 -573 -289
-849 720 -91
408 -704 824
434 111 -484
870 327 -788
753 570 3
-820 -743 365
505 771 -186
-641 120 459
-282 -329 302
-667 849 -907
-853 -800 -447
-597 -685 581
-282 -548 282
-969 -896 107
-274 712 -733
213 550 950
-881 25 831
480 -809 -213
-559 19 793
176 428 593
-632 75 -402
946 -379 -28
667 -45 -126
879 251 -905
74 186 -954
-25 260 593
365 -98 -924
-827 -244 172
287 -445 -971
-209 137 485
-811 741 -88
-954 43 -167