100
5
-803 -875 -429
870 52 707
-911 -10 -102
-603 -799 399
161 671 -860
742 -634 -424
912 67 512
-44 950 586
490 -709 739
729 435 -487
827 762 446
-72 112 -32
746 -368 -189
70 357 477
-232 -73 400
-462 -37 286
-310 338 -593
599 856 -973
-548 -62 -738
-852 -833 -564
-643 -357 162
-70 -3 330
-542 389 -179
-65 35 -681
-893 62 263
-130 -530 -537
586 -148 -445
-325 -489 -76
900 992 -606
-668 -591 323
-164 21 -662
-452 131 -469
-949 430 -847
-276 -637 -203
81 133 674
-654 -13 -742
829 963 -890
-955 -614 -921
103 86 -484
-549 408 912
-429 -483 244
830 48 426
-322 305 -502
856 890 -184
31 -740 -129
-69 211 242
-598 161 878
843 -577 -800
843 -638 -165
-904 477 -186
-984 -830 499
-308 -626 -567
203 -993 89
-711 80 156
-367 -109 -921
386 -722 705
466 -231 725
-862 642 -305
-199 -836 -29
-593 199 48
-79 746 -387
-102 193 -574
-47 400 -376
-93 -252 968
-15 -288 255
494 -702 -147
654 893 -242
733 310 -152
970 -610 -509
-258 411 -611
459 -125 -354
-449 -824 990
-354 145 773
769 612 152
519 -669 -200
-366 -961 -83
-55 415 960
69 -65 -361
978 898 -114
861 920 119
-365 -107 763
-206 -268 -689
-718 -296 582
-944 279 -791
418 931 -977
-827 377 752
-162 604 -626
-791 552 765
411 -203 -276
-897 829 972
-589 -517 661
845 378 709
-164 -15 -915
-880 108 -110
494 -811 430
445 128 -764
-572 124 440
-178 -703 570
-608 -113 982
265 231 671